0 643 603 94 48 1576 297 43 19 1371 603 85 42 646 566 91 47 469 263 61 27 403 227 44 21 1675 506 83 47 211 633 87 57 585 924 105 75 962 331 17 24 577 302 18 26 1184 301 15 25 
1 644 604 97 45 652 565 90 44 404 227 42 21 469 263 62 27 1674 506 83 47 1575 297 41 20 1379 602 75 37 229 635 72 52 585 924 105 76 1402 337 42 22 0 745 85 73 961 331 17 24 576 302 18 26 
2 647 603 97 47 654 562 89 48 469 263 62 27 230 634 70 52 404 227 42 21 1674 505 83 48 1384 602 74 36 1400 337 41 22 585 924 105 75 576 302 18 25 961 331 17 24 2 749 82 67 
3 657 604 96 42 1383 602 75 36 661 561 90 48 469 263 62 27 404 227 42 21 1674 505 83 48 233 629 66 57 585 924 105 75 1397 338 41 21 962 331 16 24 576 302 18 26 1185 301 14 24 368 620 59 67 
4 657 603 97 44 1387 601 75 37 469 263 62 27 404 227 42 21 1674 505 83 48 669 557 89 44 586 924 104 75 1396 337 41 23 1565 298 33 21 962 331 16 24 
5 658 603 99 43 1388 600 75 37 469 263 62 27 674 558 89 42 404 227 42 21 1675 505 82 48 585 924 105 75 1392 338 39 23 246 633 50 47 962 331 16 24 1563 299 33 18 
6 662 603 96 42 1391 599 78 38 681 557 86 42 469 263 62 27 404 227 43 21 1675 506 82 47 248 634 48 48 585 924 105 75 962 331 16 24 576 302 19 25 1185 302 14 23 
7 665 602 95 43 692 557 80 42 1394 597 76 40 469 263 62 27 403 227 43 21 1675 505 82 48 253 635 44 46 585 924 105 75 644 686 19 30 961 330 17 25 589 551 85 45 576 302 19 25 
8 669 602 96 44 1395 597 75 39 696 555 78 44 600 554 79 39 469 263 62 27 403 227 43 21 1675 505 82 48 255 636 41 43 585 924 105 75 644 685 18 31 961 330 17 25 576 302 18 25 
9 673 602 95 43 1397 596 74 40 698 551 86 46 470 263 60 27 403 227 43 21 1674 505 83 48 604 554 78 36 256 636 39 44 586 924 104 75 961 330 17 25 68 764 62 37 576 302 19 25 644 686 17 29 
